14

6 0 58 1 2 1.0
0
-10.0 -10.0 -2.5 -10.0
0
2.5 -10.0 10.0 -10.0
0
-10.0 10.0 -2.5 10.0
0
2.5 10.0 10.0 10.0
0
10.0 10.0 10.0 -10.0
0
-10.0 -10.0 -10.0 10.0



2 0 58 1 2 1.0
1
-2.5 -10.0 -2.5 -11.0
1
2.5 -10.0 2.5 -11.0

2 5 63 1 2 1.0
1
-2.5 -11.0 -2.5 -12.0
1
2.5 -11.0 2.5 -12.0

2 10 68 1 2 1.0
1
-2.5 -12.0 -2.5 -13.0
1
2.5 -12.0 2.5 -13.0

2 15 73 1 2 1.0
1
-2.5 -13.0 -2.5 -14.0
1
2.5 -13.0 2.5 -14.0

2 20 78 1 2 1.0
1
-2.5 -14.0 -2.5 -15.0
1
2.5 -14.0 2.5 -15.0

2 25 83 1 2 1.0
1
-2.5 -15.0 -2.5 -16.0
1
2.5 -15.0 2.5 -16.0

2 30 88 1 2 1.0
1
-2.5 -16.0 -2.5 -17.0
1
2.5 -16.0 2.5 -17.0



5 35 113 1 2 1.0
3
-2.5 -17.0 -20.0 -17.0
3
-20.0 -17.0 -20.0 -37.0
3
-20.0 -37.0 20.0 -37.0
3
20.0 -37.0 20.0 -17.0
3
20.0 -17.0 2.5 -17.0



4 40 113 1 2 1.0
2
-16.0 -25.0 -12.0 -25.0
2
-12.0 -25.0 -12.0 -28.0
2
-12.0 -28.0 -16.0 -28.0
2
-16.0 -28.0 -16.0 -25.0

4 40 113 1 2 1.0
2
16.0 -25.0 12.0 -25.0
2
12.0 -25.0 12.0 -28.0
2
12.0 -28.0 16.0 -28.0
2
16.0 -28.0 16.0 -25.0


2 0 64 2 1 1.0
1
2.5 10.0 2.5 20.0
1
-2.5 10.0 -2.5 20.0

7 0 128 3 2 0.4
2
2.5 20.0 15.0 35.0
2
15.0 35.0 15.0 40.0
2
15.0 40.0 2.5 50.0
2
2.5 50.0 -2.5 50.0
2
-2.5 50.0 -15.0 40.0
2
-15.0 40.0 -15 35.0
2
-15.0 35.0 -2.5 20.0

3 0 25 1 3 1.0
3
0.0 30.0 2.5 35.0
3
2.5 35.0 -2.5 35.0
3
-2.5 35.0 0.0 30.0