8



0.0 0.0 0.0 0



5 0 58 1 2 0.5
0 -1
-10.0 -10.0 -2.5 -10.0
0 -1
-2.5 -10.0 10.0 -10.0
0 -1
10.0 -10.0 -2.5 10.0
0 -1
-2.5 10.0 10.0 10.0
0 -1
10.0 10.0 -10.0 -10.0



3 0 58 1 2 1.0
1 -1
-2.5 -10.0 -2.5 -11.0
1 -1
-2.5 -11.0 2.5 -11.0
1 -1
2.5 -11.0 -2.5 -10.0



3 5 63 1 2 1.0
1 -1
-2.5 -11.0 -2.5 -12.0
1 -1
-2.5 -12.0 2.5 -12.0
1 0
2.5 -12.0 -2.5 -11.0



5 35 99 1 2 1.0
3 0
-2.5 -17.0 -20.0 -17.0
3 0
-20.0 -17.0 -20.0 -37.0
3 0
-20.0 -37.0 20.0 -37.0
3 0
20.0 -37.0 20.0 -17.0
3 -1
20.0 -17.0 -2.5 -17.0



4 40 99 1 2 1.0
2 0
-16.0 -25.0 -12.0 -25.0
2 -1
-12.0 -25.0 -12.0 -28.0
2 -1
-12.0 -28.0 -16.0 -28.0
2 -1
-16.0 -28.0 -16.0 -25.0



4 40 99 1 2 1.0
2 -1
16.0 -25.0 12.0 -25.0
2 -1
12.0 -25.0 12.0 -28.0
2 -1
12.0 -28.0 16.0 -28.0
2 4
16.0 -28.0 16.0 -25.0



7 0 99 3 2 1.0
2 3
2.5 20.0 15.0 35.0
2 4
15.0 35.0 15.0 40.0
2 -1
15.0 40.0 2.5 50.0
2 -1
2.5 50.0 -2.5 50.0
2 -1
-2.5 50.0 -15.0 45.0
2 -1
-15.0 45.0 -15.5 40.0
2 -1
-15.5 40.0 2.5 20.0



3 0 25 1 3 1.0
3 -1
0.0 30.0 2.5 35.0
3 -1
2.5 35.0 -2.5 35.0
3 0
-2.5 35.0 0.0 30.0



3



0.0 5.0 0.0 1 1



0.0 5.0 0.0 1 1



0.0 5.0 0.0 3 1
