1



31.0 -25.0 0.0 0 1



9 0 60 0 0 0.5
1 -1
-14.0 2.0 10.0 34.0
1 -1
10.0 34.0 44.0 -10.0
1 -1
44.0 -10.0 58.0 -26.0
1 -1
58.0 -26.0 58.0 -6.0
1 -1
58.0 -6.0 60.0 -42.0
1 -1
60.0 -42.0 10.0 -44.0
1 -1
10.0 -44.0 10.0 -2.0
1 -1
10.0 -2.0 -36.0 -26.0
1 -1
-36.0 -26.0 -14.0 2.0



12



7.0 29.0 5.0 1 0



-2.0 1.0 5.0 1 0



12.0 -8.0 5.0 1 0



12.0 11.0 5.0 1 0



14.0 15.0 5.0 1 0



35.0 -5.0 5.0 1 0



47.0 -20.0 5.0 1 0



52.0 -33.0 5.0 1 0



43.0 -37.0 5.0 2 0



57.0 -39.0 5.0 2 0



14.0 -39.0 5.0 2 0



18.0 -5.0 5.0 2 0